sig=[-9.25526136e-01  1.35358794e+00 -1.19115763e+00 -3.69652019e-01
 -9.33065865e-01  1.04767850e+00  6.23847133e-01  2.47316519e+00
 -3.16075976e-01  8.40809609e-01  8.00787511e-01 -1.27475733e+00
 -9.98137945e-01  4.05216151e-01 -5.52825484e-01  2.84583673e-01
  1.08493029e+00 -1.39814024e-01 -8.77065152e-01  1.16858543e-03
  3.34666515e-02  3.93352769e-01 -5.93794779e-01 -1.79011106e+00
  3.28579126e-01  4.83363388e-01  3.54132927e-01  7.14729664e-02
  5.89581456e-01  2.17032685e-02  8.88324299e-02  7.46126888e-02
  1.93313601e+00  7.56108086e-01  3.57897296e-01 -1.97439096e-01
  1.34505465e+00  1.70839437e+00  1.06817517e+00 -1.53085334e+00
  1.21438914e+00  4.26143933e-01  2.61638877e-01 -3.12833580e-01
  8.46131586e-01 -1.79072389e-01  1.21397510e+00  1.70714720e+00
 -4.37282643e-01 -9.68259982e-01  1.32666977e+00 -4.10671140e-01
 -3.73164577e-01  4.53645951e-01  9.04927619e-01  6.58130185e-02
 -8.01464802e-01 -2.15834046e+00 -2.95429966e-01 -5.68829836e-01
  4.89162777e-01  3.41080348e-01 -7.67818174e-01  1.62205721e-01
  9.07266169e-01  1.01622162e-01 -7.25966590e-01  1.27591949e+00
  1.60927627e-01 -8.68733802e-01 -2.26218352e+00  9.84420461e-01
 -5.57987441e-01 -1.91241218e-01 -2.48366373e-01 -1.61506178e+00
 -8.52797113e-01 -5.80695076e-01 -9.14767363e-01  4.23693323e-04
  7.87504853e-01  1.31856738e-01 -2.89337969e-01 -4.53251033e-01
  7.78515801e-01 -2.45468344e-01  2.19789793e-01  2.04363149e+00
 -6.12147585e-01 -4.30195772e-01 -8.79691319e-02 -6.22072697e-02
  9.35715897e-01 -7.42355789e-01  7.75734077e-02  5.39272005e-01
 -8.43430177e-01 -6.82051604e-01 -6.50374153e-02 -8.83898214e-03]
sig_step=None
noise=5
noise_u=5
diff=4
scale=1
r0=10
a0=10
sigma=9
n=2.7
dist=1000
uniform=False
dr=False
rand=True
signal=[-9.25526136e-01  1.35358794e+00 -1.19115763e+00 -3.69652019e-01
 -9.33065865e-01  1.04767850e+00  6.23847133e-01  2.47316519e+00
 -3.16075976e-01  8.40809609e-01  8.00787511e-01 -1.27475733e+00
 -9.98137945e-01  4.05216151e-01 -5.52825484e-01  2.84583673e-01
  1.08493029e+00 -1.39814024e-01 -8.77065152e-01  1.16858543e-03
  3.34666515e-02  3.93352769e-01 -5.93794779e-01 -1.79011106e+00
  3.28579126e-01  4.83363388e-01  3.54132927e-01  7.14729664e-02
  5.89581456e-01  2.17032685e-02  8.88324299e-02  7.46126888e-02
  1.93313601e+00  7.56108086e-01  3.57897296e-01 -1.97439096e-01
  1.34505465e+00  1.70839437e+00  1.06817517e+00 -1.53085334e+00
  1.21438914e+00  4.26143933e-01  2.61638877e-01 -3.12833580e-01
  8.46131586e-01 -1.79072389e-01  1.21397510e+00  1.70714720e+00
 -4.37282643e-01 -9.68259982e-01  1.32666977e+00 -4.10671140e-01
 -3.73164577e-01  4.53645951e-01  9.04927619e-01  6.58130185e-02
 -8.01464802e-01 -2.15834046e+00 -2.95429966e-01 -5.68829836e-01
  4.89162777e-01  3.41080348e-01 -7.67818174e-01  1.62205721e-01
  9.07266169e-01  1.01622162e-01 -7.25966590e-01  1.27591949e+00
  1.60927627e-01 -8.68733802e-01 -2.26218352e+00  9.84420461e-01
 -5.57987441e-01 -1.91241218e-01 -2.48366373e-01 -1.61506178e+00
 -8.52797113e-01 -5.80695076e-01 -9.14767363e-01  4.23693323e-04
  7.87504853e-01  1.31856738e-01 -2.89337969e-01 -4.53251033e-01
  7.78515801e-01 -2.45468344e-01  2.19789793e-01  2.04363149e+00
 -6.12147585e-01 -4.30195772e-01 -8.79691319e-02 -6.22072697e-02
  9.35715897e-01 -7.42355789e-01  7.75734077e-02  5.39272005e-01
 -8.43430177e-01 -6.82051604e-01 -6.50374153e-02 -8.83898214e-03]
ts=[0.0587189  0.38862177 1.03477667 1.38209454]
us=[2.07591147e-04 1.64218225e-05 7.42034237e-06 2.89039975e-05]
with_delays=True
delays=(array([  0.  ,   5.05,  10.1 ,  15.15,  20.2 ,  25.25,  30.3 ,  35.35,
        40.4 ,  45.45,  50.5 ,  55.55,  60.6 ,  65.65,  70.7 ,  75.75,
        80.8 ,  85.85,  90.9 ,  95.95, 101.  , 106.05, 111.1 , 116.15,
       121.2 , 126.25, 131.3 , 136.35, 141.4 , 146.45, 151.5 , 156.55,
       161.6 , 166.65, 171.7 , 176.75, 181.8 , 186.85, 191.9 , 196.95,
       202.  , 207.05, 212.1 , 217.15, 222.2 , 227.25, 232.3 , 237.35,
       242.4 , 247.45, 252.5 , 257.55, 262.6 , 267.65, 272.7 , 277.75,
       282.8 , 287.85, 292.9 , 297.95, 303.  , 308.05, 313.1 , 318.15,
       323.2 , 328.25, 333.3 , 338.35, 343.4 , 348.45, 353.5 , 358.55,
       363.6 , 368.65, 373.7 , 378.75, 383.8 , 388.85, 393.9 , 398.95,
       404.  , 409.05, 414.1 , 419.15, 424.2 , 429.25, 434.3 , 439.35,
       444.4 , 449.45, 454.5 , 459.55, 464.6 , 469.65, 474.7 , 479.75,
       484.8 , 489.85, 494.9 , 499.95, 505.  ]), array([-2.40948984e-04,  3.52389442e-04, -3.10102772e-04, -9.62342121e-05,
       -2.42911857e-04,  2.72749802e-04,  1.62410684e-04,  6.43857171e-04,
       -8.22863693e-05,  2.18894111e-04,  2.08474866e-04, -3.31866893e-04,
       -2.59852547e-04,  1.05492883e-04, -1.43921099e-04,  7.40877479e-05,
        2.82447834e-04, -3.63988070e-05, -2.28332782e-04,  3.04226387e-07,
        8.71261802e-06,  1.02404402e-04, -1.54586935e-04, -4.66032697e-04,
        8.55414056e-05,  1.25837524e-04,  9.21940133e-05,  1.86070798e-05,
        1.53490050e-04,  5.65017053e-06,  2.31263958e-05,  1.94244667e-05,
        5.03267429e-04,  1.96843145e-04,  9.31740192e-05, -5.14007631e-05,
        3.50167909e-04,  4.44758794e-04,  2.78085851e-04, -3.98538241e-04,
        3.16150801e-04,  1.10941165e-04,  6.81143613e-05, -8.14422524e-05,
        2.20279621e-04, -4.66192240e-05,  3.16043012e-04,  4.44434109e-04,
       -1.13840987e-04, -2.52074199e-04,  3.45381639e-04, -1.06913020e-04,
       -9.71486620e-05,  1.18100966e-04,  2.35586422e-04,  1.71335842e-05,
       -2.08651190e-04, -5.61896548e-04, -7.69114425e-05, -1.48087629e-04,
        1.27347321e-04,  8.87959401e-05, -1.99891718e-04,  4.22282009e-05,
        2.36195233e-04,  2.64560403e-05, -1.88996189e-04,  3.32169448e-04,
        4.18954655e-05, -2.26163821e-04, -5.88930771e-04,  2.56281374e-04,
       -1.45264949e-04, -4.97872243e-05, -6.46590332e-05, -4.20460838e-04,
       -2.22014906e-04, -1.51176594e-04, -2.38148074e-04,  1.10303180e-07,
        2.05016895e-04,  3.43272285e-05, -7.53254684e-05, -1.17998154e-04,
        2.02676709e-04, -6.39045684e-05,  5.72194834e-05,  5.32033525e-04,
       -1.59364855e-04, -1.11996010e-04, -2.29016471e-05, -1.61948732e-05,
        2.43601759e-04, -1.93262909e-04,  2.01952523e-05,  1.40392623e-04,
       -2.19576343e-04, -1.77563480e-04, -1.69316657e-05, -2.30111683e-06,
        0.00000000e+00]))
noisy=False
sig_del_noise_x=[  0.     5.05  10.1   15.15  20.2   25.25  30.3   35.35  40.4   45.45
  50.5   55.55  60.6   65.65  70.7   75.75  80.8   85.85  90.9   95.95
 101.   106.05 111.1  116.15 121.2  126.25 131.3  136.35 141.4  146.45
 151.5  156.55 161.6  166.65 171.7  176.75 181.8  186.85 191.9  196.95
 202.   207.05 212.1  217.15 222.2  227.25 232.3  237.35 242.4  247.45
 252.5  257.55 262.6  267.65 272.7  277.75 282.8  287.85 292.9  297.95
 303.   308.05 313.1  318.15 323.2  328.25 333.3  338.35 343.4  348.45
 353.5  358.55 363.6  368.65 373.7  378.75 383.8  388.85 393.9  398.95
 404.   409.05 414.1  419.15 424.2  429.25 434.3  439.35 444.4  449.45
 454.5  459.55 464.6  469.65 474.7  479.75 484.8  489.85 494.9  499.95
 505.  ]
sig_del_noise_y=[-2.40948984e-04  3.52389442e-04 -3.10102772e-04 -9.62342121e-05
 -2.42911857e-04  2.72749802e-04  1.62410684e-04  6.43857171e-04
 -8.22863693e-05  2.18894111e-04  2.08474866e-04 -3.31866893e-04
 -2.59852547e-04  1.05492883e-04 -1.43921099e-04  7.40877479e-05
  2.82447834e-04 -3.63988070e-05 -2.28332782e-04  3.04226387e-07
  8.71261802e-06  1.02404402e-04 -1.54586935e-04 -4.66032697e-04
  8.55414056e-05  1.25837524e-04  9.21940133e-05  1.86070798e-05
  1.53490050e-04  5.65017053e-06  2.31263958e-05  1.94244667e-05
  5.03267429e-04  1.96843145e-04  9.31740192e-05 -5.14007631e-05
  3.50167909e-04  4.44758794e-04  2.78085851e-04 -3.98538241e-04
  3.16150801e-04  1.10941165e-04  6.81143613e-05 -8.14422524e-05
  2.20279621e-04 -4.66192240e-05  3.16043012e-04  4.44434109e-04
 -1.13840987e-04 -2.52074199e-04  3.45381639e-04 -1.06913020e-04
 -9.71486620e-05  1.18100966e-04  2.35586422e-04  1.71335842e-05
 -2.08651190e-04 -5.61896548e-04 -7.69114425e-05 -1.48087629e-04
  1.27347321e-04  8.87959401e-05 -1.99891718e-04  4.22282009e-05
  2.36195233e-04  2.64560403e-05 -1.88996189e-04  3.32169448e-04
  4.18954655e-05 -2.26163821e-04 -5.88930771e-04  2.56281374e-04
 -1.45264949e-04 -4.97872243e-05 -6.46590332e-05 -4.20460838e-04
 -2.22014906e-04 -1.51176594e-04 -2.38148074e-04  1.10303180e-07
  2.05016895e-04  3.43272285e-05 -7.53254684e-05 -1.17998154e-04
  2.02676709e-04 -6.39045684e-05  5.72194834e-05  5.32033525e-04
 -1.59364855e-04 -1.11996010e-04 -2.29016471e-05 -1.61948732e-05
  2.43601759e-04 -1.93262909e-04  2.01952523e-05  1.40392623e-04
 -2.19576343e-04 -1.77563480e-04 -1.69316657e-05 -2.30111683e-06
  0.00000000e+00]
dt=5
